ID	num	EV1	EV2	EV3	EV4	EV5	EV6	EV7	EV8	EV9	EV10	EV11	EV12	EV13	EV14	EV15	EV16	EV17	EV18
1	33	0.093842	-0.041886	0.056156	-0.040758	0.266654	-0.077866	0.027071	-0.020521	-0.03196	-0.050134	-0.075464	0.053081	0.236642	0.059535	0.24354	-0.101606	-0.02668	-0.148447
2	3	0.058464	-0.033352	0.04879	-0.040131	0.202042	-0.090733	0.049521	-0.029479	-0.023652	-0.20353	-0.078516	0.135047	0.106797	0.142101	0.044692	0.017154	0.041812	0.037531
3	30	0.122777	0.035765	-0.097887	-0.005055	0.074999	0.161663	-0.055203	0.067605	0.120354	0.190345	0.097894	-0.137587	0.083901	0.1601	-0.015439	0.065855	0.079898	0.313306
4	14	0.135954	-0.01881	-0.00705	-0.006389	0.174933	0.072905	-0.069378	0.034682	0.015537	0.27299	0.020113	-0.146141	0.179469	-0.021408	0.161694	-0.062937	-0.010941	0.118846
5	70	-0.011608	0.090843	-0.009825	-0.14315	-0.035118	-0.041612	0.123873	0.153867	-0.006533	0.029077	-0.206977	0.020284	-0.075305	-0.135205	0.013355	-0.23058	-0.007731	0.013801
6	55	0.087113	-0.030037	0.029457	-0.025046	0.196978	-0.018206	-0.016358	0.003035	-0.012877	0.125649	-0.033036	-0.072108	0.241534	-0.024797	0.277668	-0.139275	-0.063712	-0.103874
7	69	-0.04531	0.137003	0.084567	-0.231326	-0.055504	-0.053227	0.029761	0.183473	-0.179498	0.040545	-0.152681	-0.107147	-0.111639	-0.047539	0.065987	-0.093017	0.176038	0.089166
8	23	-0.029139	0.055214	0.096002	-0.1638	-0.033943	-0.008542	-0.065703	0.105135	-0.15931	-0.060928	-0.016006	-0.239699	-0.013137	0.093572	-0.058248	-0.048482	0.261087	-0.051871
9	47	0.119306	-0.056405	0.086938	-0.045822	0.318832	-0.127734	0.073373	-0.038213	-0.035391	-0.177196	-0.053885	0.144805	0.05683	0.095283	0.017389	0.024824	0.043335	-0.023428
10	15	-0.097686	-0.14982	-0.062814	-0.071277	-0.015783	0.125803	0.216439	-0.174721	-0.180066	0.080952	-0.060182	-0.090165	-0.014297	0.13687	-0.044203	0.053931	-0.259402	0.082274
11	57	-0.041038	-0.11719	-0.139842	-0.170803	-0.060765	-0.1476	-0.179564	-0.197128	0.177644	0.047716	-0.103706	-0.046797	-0.068182	0.00743	-0.002345	0.010583	-0.019872	-0.083658
12	65	-0.080237	0.12186	0.206347	-0.249335	-0.050184	0.014349	-0.137767	0.114112	-0.199272	-0.032858	0.070886	-0.200628	-0.010698	0.123701	-0.043746	0.05506	0.128758	-0.044391
13	63	0.210986	-0.064447	0.079769	-0.016869	0.342878	-0.038179	-0.003293	-0.002267	-0.037928	0.189018	0.009122	-0.040994	0.091811	-0.103415	0.125669	-0.066842	-0.029102	-0.154195
14	42	-0.008323	-0.046675	-0.058759	-0.098436	-0.03184	-0.092284	-0.132722	-0.136289	0.206729	-0.037345	-0.198842	-0.155718	-0.080738	-0.062211	0.106698	0.23663	-0.017891	-0.049272
15	67	-0.102553	-0.122458	-0.003467	-0.006839	0.007905	0.179929	0.233013	-0.119749	-0.100002	0.013671	-0.106286	-0.112146	-0.01988	-0.036814	0.043249	0.105973	0.006685	0.210357
16	48	-0.033593	0.220021	-0.043637	-0.182592	-0.051239	-0.070227	0.202849	0.169264	-0.011139	0.093843	-0.183028	0.105338	-0.080825	-0.181136	0.056443	-0.094151	-0.033002	0.002971
17	22	-0.095154	0.220054	0.119595	-0.163435	-0.046137	-0.073126	-0.010788	0.073287	-0.162672	0.151354	-0.021544	0.09646	-0.102561	-0.013268	0.156931	0.169346	-0.033485	0.156283
18	38	0.274585	-0.010429	-0.041191	0.058776	0.082202	0.205447	-0.152468	0.049417	-0.041265	0.307466	0.017694	-0.061252	-0.048233	-0.090166	-0.079523	0.045152	0.03035	0.061621
19	50	-0.110442	0.125942	0.218662	-0.122271	-0.02119	0.03393	-0.156439	-0.003974	-0.040169	0.069298	0.142354	0.107118	-0.015606	0.12304	0.046008	0.164331	-0.188503	0.022397
20	6	0.167118	-0.073583	0.124241	-0.011946	0.236984	-0.142527	0.108893	-0.035692	-0.007953	-0.091082	0.079422	0.074197	-0.253611	-0.040257	-0.205361	0.088204	0.033054	0.010947
21	29	-0.12949	-0.17397	-0.068863	-0.013504	-0.002706	0.134728	0.225681	-0.067001	-0.191149	0.085069	-0.031102	-0.035054	-0.053942	0.099184	0.063661	0.147859	0.040082	-0.040056
22	4	-0.156996	-0.039048	0.199702	0.008344	0.027141	0.253223	0.011254	-0.106502	0.202488	-0.090013	0.05691	0.050869	0.07645	-0.221331	-0.059563	-0.132789	0.017994	-0.043941
23	34	0.032293	0.200438	-0.196021	0.042224	-0.004255	0.055121	0.076495	-0.084801	0.011805	-0.134142	0.185461	-0.007668	0.01872	-0.041753	0.082352	0.136044	0.113761	-0.24839
24	39	0.208791	-0.065621	0.099067	0.040402	0.086372	-0.032731	0.028042	0.001446	-0.013295	0.196475	0.108312	-0.051874	-0.239809	-0.20612	-0.176157	0.043558	-0.016935	-0.167393
25	21	-0.137964	0.062288	0.22423	-0.004502	0.013896	0.121355	-0.130704	-0.073411	0.156615	0.037315	0.131676	0.210276	0.006608	0.031314	0.020972	0.014442	-0.147567	-0.087843
26	46	0.191	-0.084074	0.160916	0.072018	-0.138196	-0.133624	0.153823	-0.017894	0.068147	0.023525	0.214957	-0.08383	-0.284364	-0.055982	0.012558	-0.061063	-0.046705	-0.035706
27	1	0.164194	0.045924	-0.133804	0.063528	-0.038095	0.253034	-0.213022	-0.007472	-0.145953	-0.133287	-0.076744	0.100153	-0.194685	0.016854	0.091356	-0.120161	-0.065618	0.055706
28	44	0.231577	-0.070092	0.107788	0.099979	-0.177955	0.009329	-0.000383	0.013015	-0.036569	0.175515	-0.000672	0.026442	-0.07499	-0.150577	-0.193225	0.08955	0.020277	-0.152208
29	5	-0.145439	0.063029	0.059498	0.259901	0.051052	-0.070584	-0.079307	0.00663	0.080576	0.131192	-0.123297	0.033863	-0.107918	0.20383	-0.03227	-0.136637	0.091167	0.032718
30	71	-0.039641	0.143515	-0.061667	0.110413	0.004378	-0.110246	0.038303	-0.161333	-0.108522	0.003659	0.05445	-0.054384	0.108587	-0.152115	-0.046484	0.037924	0.016132	0.024905
31	60	0.171905	-0.078746	0.153887	0.096276	-0.306032	-0.112935	0.139281	-0.009824	0.067208	-0.023165	0.100517	-0.031407	0.034505	0.076279	0.142736	-0.045664	0.014679	0.009633
32	54	0.07579	0.120576	-0.180537	0.068249	-0.010681	0.147022	-0.083225	-0.092571	-0.094644	-0.253219	0.117071	-0.012486	-0.124384	0.009364	0.182379	-0.050875	0.055343	-0.139429
33	12	0.109859	-0.057501	0.116444	0.059076	-0.216383	-0.112894	0.138853	-0.014073	0.088956	-0.071521	0.146734	-0.081418	-0.026376	0.1175	0.244752	-0.126888	-0.029945	0.111605
34	31	0.093246	-0.04912	0.099003	0.046655	-0.167482	-0.099648	0.12298	-0.013009	0.082941	-0.052011	0.162918	-0.098161	-0.108828	0.073372	0.20947	-0.140524	-0.060732	0.09564
35	58	0.154006	-0.057118	0.092454	0.088396	-0.267148	-0.009528	0.002278	0.005451	-0.048427	0.004315	-0.165466	0.143735	0.272133	0.02408	-0.104535	0.136674	0.095511	-0.087419
36	37	0.103235	-0.050183	0.093267	0.0629	-0.242796	-0.064688	0.070275	-0.004623	0.023509	-0.072556	-0.058175	0.056975	0.26699	0.135417	0.10298	0.037977	0.079886	0.037518
37	66	-0.039862	0.041194	0.127282	-0.147233	-0.025445	0.033273	-0.106718	0.055949	-0.101443	-0.103093	0.079753	-0.228967	0.06027	0.103422	-0.135883	-0.031348	0.146467	-0.158372
38	7	0.065939	0.093426	-0.146075	-0.047991	0.018097	0.124792	0.080161	0.100466	0.242278	0.031005	0.090039	-0.038657	0.075458	0.251153	-0.133022	0.062213	0.02751	0.143572
39	43	0.004907	0.12074	-0.082846	-0.13006	-0.029051	-0.01059	0.202406	0.163863	0.154736	0.014917	-0.16184	0.089754	-0.008743	-0.065019	-0.098683	-0.207211	-0.120482	-0.117081
40	61	-0.118521	-0.103756	0.069111	-0.011687	0.015217	0.236517	0.186948	-0.148581	0.026452	-0.067425	-0.066531	-0.107221	0.061295	-0.209675	-0.046196	-0.042659	-0.046471	0.230449
41	28	-0.071724	-0.02294	0.119569	-0.046396	0.006456	0.157874	0.010479	-0.085805	0.100576	-0.126504	0.054893	-0.069163	0.132465	-0.209949	-0.137846	-0.133314	-0.115839	0.0511
42	2	0.078242	-0.043389	0.069834	-0.03874	0.219056	-0.119226	0.079745	-0.038169	-0.018335	-0.255795	-0.034888	0.165812	-0.087108	0.12516	-0.177053	0.124647	0.08491	0.178964
43	56	0.049636	-0.028399	0.044454	-0.021766	0.114147	-0.074494	0.051986	-0.022593	-0.003228	-0.153419	0.001945	0.08357	-0.13764	0.047804	-0.198323	0.109575	0.052095	0.172962
44	18	0.034533	0.231587	-0.205774	-0.089825	-0.017367	0.060416	0.230739	0.114286	0.229532	-0.002313	0.037868	0.087769	0.041123	0.047935	-0.092855	0.04035	-0.022345	-0.155275
45	68	0.15027	0.138867	-0.230481	0.012829	0.025587	0.252306	-0.03705	0.043391	0.116568	-0.023685	0.165645	-0.045337	-0.051577	0.177634	0.019349	0.090376	0.115385	0.055326
46	13	-0.202528	-0.15856	0.048292	0.106444	0.038066	0.229345	0.18001	-0.008655	0.037033	0.008824	-0.078474	0.002181	-0.070214	-0.116528	0.107844	0.047289	0.311334	-0.032275
47	49	-0.035949	-0.102754	-0.125475	-0.143403	-0.052569	-0.141164	-0.176964	-0.130182	0.151133	0.031677	-0.014025	0.032422	-0.015427	-0.071425	-0.02628	-0.112465	0.141017	0.085805
48	19	-0.189427	-0.000177	0.156014	0.175255	0.050739	0.114974	-0.045872	-0.007882	0.204648	0.089569	-0.045952	0.19599	-0.117778	0.050284	0.099673	-0.060268	0.1835	-0.103221
49	62	-0.178312	-0.227276	-0.139654	0.044561	-0.003216	0.003951	0.049783	0.169935	-0.128247	0.056024	0.131687	0.100175	-0.021772	-0.013341	0.064695	0.08324	0.182937	-0.165447
50	16	-0.194239	-0.099486	-0.002081	0.274217	0.059304	-0.005005	-0.033389	0.252557	0.076609	0.007345	-0.102851	-0.048166	-0.114185	0.076639	0.039531	0.000304	0.146668	-0.175285
51	35	-0.029665	0.211526	-0.140026	0.164579	0.005575	-0.091048	0.032469	-0.226466	-0.149165	-0.107069	0.13035	-0.114356	0.100508	-0.159684	-0.014423	0.009969	0.077668	-0.113047
52	25	0.08908	-0.032261	0.043523	0.04964	-0.169668	0.011686	-0.029095	0.004717	-0.056267	-0.036651	-0.193241	0.145194	0.284635	0.048291	-0.087237	0.120916	0.08204	-0.026747
53	51	-0.076004	0.321826	-0.094644	0.05353	-0.016534	-0.127044	0.129706	-0.120657	-0.084861	0.091819	0.069765	0.105193	0.043565	-0.175614	0.061687	0.170282	-0.009742	-0.026458
54	40	-0.104398	-0.209089	-0.21263	-0.157897	-0.065349	-0.144242	-0.124513	-0.066858	-0.029181	0.117518	0.170803	0.174204	0.021307	0.025047	-0.088397	-0.195867	0.079967	-0.039576
55	36	-0.107604	-0.184917	-0.140963	-0.09	-0.03425	0.011808	0.104704	-0.089264	-0.201528	0.142071	0.072044	0.054935	-0.02723	0.221007	-0.051313	-0.00924	-0.142748	-0.192556
56	10	-0.164057	0.195565	0.14948	0.105583	0.015169	-0.054221	-0.094622	-0.095252	0.024948	0.219114	0.036293	0.261108	-0.087006	0.116109	0.112857	0.117046	-0.092068	0.123712
57	32	-0.041378	-0.097716	-0.110049	-0.08955	-0.036441	-0.107662	-0.119284	-0.003638	0.028769	0.019968	0.138746	0.135894	0.065186	-0.108739	-0.059256	-0.19449	0.163225	0.208248
58	20	-0.114501	0.207117	-0.032646	0.268366	0.031768	-0.182521	-0.020436	-0.19098	-0.098484	0.095448	-0.019345	-0.082303	0.066295	0.006623	-0.138335	-0.095308	-0.007315	0.12955
59	27	0.083633	0.004336	-0.049244	0.03591	-0.057653	0.129203	-0.151418	-0.007526	-0.141005	-0.141506	-0.160315	0.135146	-0.12545	-0.014701	0.049487	-0.150555	-0.143111	0.065273
60	53	0.064644	0.029306	-0.083809	0.031969	-0.027713	0.129172	-0.133669	-0.032667	-0.125402	-0.22004	-0.061463	0.076413	-0.184017	0.01233	0.169432	-0.189806	-0.118053	0.018612
61	72	-0.088883	-0.150859	-0.13957	-0.02485	-0.023121	-0.105171	-0.096886	0.186605	-0.055186	-0.024653	0.24271	0.159107	0.107352	-0.192564	-0.000899	-0.021622	0.07421	0.191315
62	45	-0.036733	-0.061662	-0.053117	0.015215	-0.001972	-0.054401	-0.053065	0.163725	-0.022266	-0.076687	0.119963	0.038538	0.087365	-0.160943	0.027523	0.088648	-0.090015	0.189942
63	73	0.193796	-0.028933	0.004307	0.088206	-0.159337	0.147173	-0.161808	0.016695	-0.155621	0.03884	-0.238269	0.18737	0.065266	-0.073586	-0.167711	0.058445	-0.009678	-0.029779
64	52	-0.116123	-0.132017	-0.090574	0.124453	0.018754	-0.078547	-0.074522	0.362982	-0.026471	-0.113601	0.108043	-0.027301	0.055519	-0.154376	0.051831	0.197114	-0.182882	0.021518
65	26	-0.084858	-0.052551	-0.030539	0.170984	0.034303	-0.071211	-0.067036	0.25834	0.028646	-0.097256	-0.070813	-0.175378	-0.004537	0.016663	-0.040277	0.075499	-0.266759	-0.059324
66	8	-0.035961	-0.041951	-0.02804	0.063404	0.012511	-0.045657	-0.044355	0.185164	0.006559	-0.103391	-0.00087	-0.100668	0.037373	-0.059806	0.007	0.143053	-0.303817	0.004273
67	24	-0.001719	-0.027103	-0.032609	-0.064707	-0.019601	-0.062063	-0.092164	-0.090932	0.161276	-0.050176	-0.169992	-0.141965	-0.059682	-0.064632	0.107501	0.232831	-0.010233	-0.013672
68	17	-0.014108	-0.063836	-0.082222	-0.126755	-0.042428	-0.121188	-0.172693	-0.166243	0.2454	-0.028827	-0.202744	-0.14619	-0.085502	-0.085486	0.097694	0.19625	0.036455	-0.012758
69	59	-0.10963	0.036019	-0.011284	0.270557	0.048892	-0.119796	-0.067029	0.065479	0.009712	0.015469	-0.14857	-0.206056	-0.021525	0.158023	-0.177523	-0.188451	-0.05051	0.025836
70	64	-0.046089	0.086211	-0.042494	0.163817	0.020879	-0.10838	-0.019099	-0.105706	-0.076003	-0.024422	-0.029697	-0.18392	0.079504	0.009162	-0.171153	-0.16303	-0.009431	0.063643
71	9	0.022791	0.084426	-0.100164	-0.07521	-0.008013	0.037861	0.146715	0.11263	0.221249	-0.009798	-0.028297	0.041476	0.062776	0.119909	-0.168172	-0.06828	-0.094183	-0.063122
72	11	-0.11195	0.053056	0.251849	-0.147436	-0.013311	0.150992	-0.151826	-0.030295	0.046659	-0.116263	0.19154	-0.070627	0.126065	-0.017311	-0.160613	-0.045297	-0.121378	-0.161102
73	41	-0.064678	-0.137477	-0.128121	-0.129862	-0.045296	-0.046809	0.001927	-0.158305	-0.074351	0.116963	0.015212	0.022045	-0.024904	0.195455	-0.096093	-0.088415	-0.236356	-0.140705
